\input{../__baseHEADER}				% Doc-class, Packageimports, fancy stuff
%\input{../__extendBarcode}			% Definition der Kopfzeile
\input{../__ownCommands}			% Liste der zusätzlichen Commands und redefines

\begin{document}
	\section*{Übungsaufgabe 33:}

	$
	DCT =
	\begin{bmatrix}
	0.3536 &    0.3536 &   0.3536 &   0.3536 &   0.3536 &   0.3536 &   0.3536 &   0.3536 \\
	0.4904 &    0.4157 &   0.2778 &   0.0975 &  -0.0975 &  -0.2778 &  -0.4157 &  -0.4904 \\
	0.4619 &    0.1913 &  -0.1913 &  -0.4619 &  -0.4619 &  -0.1913 &   0.1913 &   0.4619 \\
	0.4157 &   -0.0975 &  -0.4904 &  -0.2778 &   0.2778 &   0.4904 &   0.0975 &  -0.4157 \\
	0.3536 &   -0.3536 &  -0.3536 &   0.3536 &   0.3536 &  -0.3536 &  -0.3536 &   0.3536 \\ 
	0.2778 &   -0.4904 &   0.0975 &   0.4157 &  -0.4157 &  -0.0975 &   0.4904 &  -0.2778 \\
	0.1913 &   -0.4619 &   0.4619 &  -0.1913 &  -0.1913 &   0.4619 &  -0.4619 &   0.1913 \\
	0.0975 &   -0.2778 &   0.4157 &  -0.4904 &   0.4904 &  -0.4157 &   0.2778 &  -0.0975 \\
	\end{bmatrix}
	$ \\ $
	s' =
	\begin{bmatrix}
	1.4142 &    3.0438 &   0.2706 &  -2.3940 &  -0.7071 &   0.0283 &   0.6533 &  -0.0537 \\
	\end{bmatrix}
	^T $ \\ $
	s = DCT^T \cdot s' =
	\begin{bmatrix}
	1 &    2 &    3 &    1 &   -1 &   -1 &   -1 &    0 \\
	\end{bmatrix}
	^T $
	
\end{document}